mass_deut=3.3436e-27;